#Antibiotic_class	Aminocoumarin	Aminoglycoside	Beta-lactam	Bicyclomycin	Diaminopyrimidine	Elfamycin	Fluoroquinolone	Fosfomycin	Fusidic acid	Glycopeptide	MLS	Multidrug	Mupirocin	Nucleoside	Peptide	Phenicol	Pleuromutilin	Rifamycin	Sulfonamide	Tetracycline	Triclosan	All
M0dMF143406	1402.549067	308.1160307	364.6934652	0.804349446	152.585918	1.118182219	603.5316663	184.8938925	0.832195728	2525.853671	3483.441421	7943.972621	983.772509	3.926922812	1667.933387	150.7396616	431.904973	19.45569555	91.79532884	2926.862462	22.31471298	23271.09813
M0dMF143763	1375.318049	272.9928684	356.1867622	0.60214586	157.3660627	1.166675469	575.4019601	177.7190019	0.312456656	2338.658593	3276.968964	7755.789984	1053.210542	4.786179548	1645.791735	136.4013154	442.4441403	32.37824709	113.4950779	2826.818016	29.34472549	22573.1535
M0dMF150448	1517.240983	372.774813	346.8786047	0.85378053	106.6748624	1.13240428	711.7734928	190.6604715	0.32407124	2719.00949	3799.220024	8232.152473	917.1535786	5.444847587	1629.897352	194.8168221	416.19813	36.26132836	51.49341315	3202.901151	7.766999764	24460.62909
M0dMF160194	1322.754765	270.4050016	361.7259928	0.705601281	155.9981128	0.58095391	543.6543824	167.2805686	0.360869257	2308.662399	3158.904268	7442.291805	1014.527459	5.162482921	1632.575792	131.6940285	406.9101603	29.04806079	110.9729252	2740.09509	27.58151346	21831.89223
M0dMF160632	1307.895669	275.3046391	337.5129099	0.736023985	160.6328513	0.652225308	531.4504094	155.4940383	0.048286922	2252.743467	3101.905349	7277.741674	942.3175685	4.970369934	1539.398359	134.2965392	413.2451494	37.05609923	98.95501165	2702.396244	26.39573924	21301.14862
M0dMF160779	1255.507693	246.9406797	337.9460051	1.021473879	154.3571323	0.847271353	496.8097263	152.0456784	0.069081131	2133.378713	3036.027931	7146.413672	954.9451986	4.174932062	1593.245552	135.2690115	424.5238467	39.88837792	110.0241572	2595.393348	27.03602088	20845.8655
M0dMF161132	1377.90138	288.3515163	337.1953681	0.452592561	156.6721784	1.04324357	573.7539198	159.4799155	0.176496644	2391.031791	3295.800395	7511.782011	982.8696978	3.912878546	1610.786087	149.2835537	384.2222526	34.11196098	88.65549931	2824.07851	22.36193573	22193.92318
M0dMF161997	1357.002477	295.2298392	340.3258949	1.01092862	157.5677099	0.521173761	566.7502684	161.0905307	0.051514712	2389.761223	3382.634465	7432.244654	988.6366659	5.436008651	1641.462176	171.5597255	407.5318285	57.5752773	92.6351487	2752.31278	23.95469425	22225.29498
M0dMF163299	1320.657332	301.3228132	346.7754226	0.880124834	160.2135782	1.53328188	550.033887	156.1789949	0.272457101	2397.18362	3233.425281	7608.834832	983.4816614	3.362141979	1595.561083	149.1833305	449.0980269	26.45527435	97.23266274	2794.256385	24.67279365	22200.61498
M0dMF164661	1284.371226	266.8883328	355.5782629	1.035837798	168.7414779	0.927856626	501.9767146	163.7171905	0.261350135	2219.043043	3015.366387	7376.184267	1005.662992	5.78130863	1619.436888	128.4300934	432.4609561	39.17712027	112.0859242	2593.808002	29.88221937	21320.81745
M0dMF164686	1312.561237	261.8195248	355.3654214	0.634784966	157.7710393	0.887265664	531.7191147	156.7399458	0.023012796	2269.671579	3211.921922	7543.145136	1013.023829	4.193586593	1620.549813	134.2931273	432.6315004	27.32826669	110.6456534	2734.15605	32.14418661	21911.226
M0dMF164855	1313.416503	273.2202567	321.2472429	0.857723713	160.3139209	0.65349473	522.3373425	150.4789732	0.11078163	2234.204155	3009.894671	7230.609386	879.0412373	5.26521205	1498.568552	127.8986063	415.5016884	19.73699236	93.29237835	2664.49171	26.29463501	20947.43546
M0dMF164899	1362.022946	293.074444	334.4079076	0.684861192	153.7264997	0.920650169	566.1263758	164.4349957	0.294560683	2346.182676	3238.528324	7524.109928	980.3703679	5.45260762	1616.562903	137.6471241	418.914889	33.42832626	92.06409326	2808.631658	27.07662975	22104.66277
M0dMF170219	1424.360975	286.333349	377.9262946	0.678430573	177.6940034	0.324724776	571.2283177	157.3013141	0.48285744	2440.212516	3230.150059	8027.878851	1074.259292	3.764995136	1673.516696	130.0423322	490.029	18.94012574	116.417427	2986.170623	30.31571915	23218.0279
M0dMF170327	1272.291273	252.7885422	326.1357164	0.779124993	168.796229	0.409561937	516.7890606	136.2388261	0	2175.677746	2924.035648	7065.810783	896.5573449	2.830803618	1503.632158	129.4096241	430.5210559	28.40153369	110.7778252	2573.301361	29.14251936	20544.32674
M0dMF170652	1316.913127	255.355359	323.4705584	1.353829347	153.5184991	0.549738137	556.1207376	147.9278887	0.275149159	2224.4784	3181.164643	7184.004793	970.0848473	3.665586874	1560.84554	138.8049751	397.1151755	47.33516027	92.17737484	2683.60278	26.10305778	21264.86722
M0dMF171223	1313.953323	299.0670638	327.016491	2.34414185	141.4431136	0.566212073	566.6195072	151.8097357	0.19041789	2313.856335	3252.332384	7333.338808	976.4933415	4.810509264	1646.286525	150.7893505	401.4368742	62.27625935	93.14004206	2736.469744	21.80558028	21796.04576
M0dMF171455	1409.480982	330.3904107	359.0282058	1.173036873	157.7163032	0.495174825	602.6336053	159.464854	0.088237137	2495.887763	3389.413784	7867.41899	984.1215551	5.549151228	1653.657427	160.5643705	427.6617747	33.00705779	91.41000478	2896.002133	24.046463	23049.21128
M0dMF173882	1311.823132	278.2326821	331.9615649	1.104802967	136.3642443	0.916839515	576.6652004	144.3623375	0.037785226	2267.155784	3225.461643	7213.591077	944.7406974	4.039752725	1550.251411	156.4488279	395.1106882	48.49344888	88.58900433	2706.086592	20.52872857	21401.96624
M0dMF180458	1237.380049	247.5798002	330.7365538	1.34772834	151.4884681	0.560271077	509.4471518	144.9700013	0.051957316	2061.029509	3003.373148	6798.494822	940.6864013	4.027477245	1550.731963	138.5329223	385.3637483	42.0696794	99.38263519	2505.083331	25.45930977	20177.79693
M0dMF180529	1387.439397	290.7889239	362.3994702	0.738665357	171.4322499	0.644751803	539.6246402	173.1341542	0.297177046	2404.279424	3229.685799	7948.154282	977.4743312	3.653632357	1616.000525	136.305663	488.3131803	17.22115863	111.8601143	2888.506792	31.44305827	22779.39739
M0dMF180622	1319.101029	294.3664677	335.6447066	0.754959123	146.4099136	0.572656034	554.8352108	151.437156	0.07114902	2313.783098	3195.152327	7284.397581	947.8589986	5.403305327	1591.483906	137.6956828	382.5212778	42.27679419	85.47162035	2715.420438	23.91012638	21528.5684
M0dMF180872	1317.773427	265.7362444	344.5982774	1.492401879	153.4622624	0.802241026	542.6569052	158.5773986	0.147724698	2336.405276	3207.660903	7398.825333	950.6288726	4.653415442	1617.942753	153.9148256	407.9844885	38.27563887	91.47070207	2752.488872	24.73988724	21770.23785
M0dML143406	1213.535716	302.7576082	277.5991163	1.95612034	85.22876939	0.123626383	563.7288904	115.6112524	0.03420785	2116.185007	3282.257365	7381.511529	831.2053156	3.270534575	1575.680402	163.9331244	299.8202253	91.73249687	95.16148592	2439.747057	24.68611048	20865.76596
M0dML143763	1014.870821	251.9120117	233.3733965	1.144215006	91.44838185	0.178360821	415.7790596	97.12160876	0.07423837	1706.793074	2506.596878	5794.173896	677.7928245	1.677032002	1268.954358	128.9184597	246.7277447	47.60780788	76.10651902	2132.709213	25.59878603	16719.55869
M0dML150448	957.3434293	229.5510633	265.3734629	1.825134534	84.61598353	0.578359846	375.488084	90.28549964	0.227953209	1599.053075	2454.624456	5679.816161	699.8428364	2.039145006	1193.896566	122.7093992	270.6725057	47.13620612	81.41774981	2113.266346	26.58831892	16296.35174
M0dML160194	1163.720176	327.7721351	358.9301372	26.56651357	142.8033168	11.07793818	584.5513206	194.6942254	2.456597735	2101.258816	3355.809699	7792.89602	744.4655177	4.928953896	1571.1273	208.0838717	350.7789542	105.000399	163.0779029	2443.521532	47.76463662	21701.28596
M0dML160632	1273.553165	304.7363164	267.5335732	2.128158332	74.20190144	1.13707299	589.7754859	114.9972274	0.165981219	1936.424863	3049.531249	6443.215881	765.5388996	2.705764172	1367.002651	176.0596204	240.0634159	84.60583574	48.30752143	2564.994921	13.43234591	19320.11185
M0dML160779	688.0904844	186.1965128	179.7798009	0.288965184	76.00275427	0.113615233	273.1640944	76.48773208	0.090710201	1253.925091	1812.38832	4752.49139	492.0320172	1.927612536	946.1759592	86.50863371	223.7762662	32.11762113	76.67088608	1759.229427	18.41713724	12935.87503
M0dML161132	853.8744403	240.8532364	225.2382369	1.173029934	106.8677275	0.145754618	347.299695	101.0689292	0.076150247	1631.270676	2388.967388	5912.308353	688.7439701	2.885126938	1292.301094	107.8312712	308.7961047	36.2529016	106.3179892	1916.081999	25.89417778	16294.24825
M0dML161977	1521.039397	395.7638302	320.9114993	16.0512603	111.7151446	5.639166896	776.9405797	181.2656386	1.787078319	2428.59048	4024.45528	7793.562532	800.9728634	5.918938482	1691.374771	221.4178662	330.9921854	104.5115416	113.2189626	2840.908299	9.922531747	23696.95985
M0dML163299	915.8996797	245.2797042	222.9523312	1.330296426	90.45402155	0.461557989	363.4185074	102.3404137	0.190085161	1615.730473	2369.727497	5973.377174	662.7344223	1.700452071	1230.449192	115.7535069	287.2676121	48.28486078	98.48106241	2058.826008	23.35089159	16428.00975
M0dML164661	1154.897125	251.8051128	241.3387179	4.345498475	89.00751193	2.857807191	514.3212688	111.0383467	0.813944943	1612.865801	2624.838979	5715.774456	642.5334899	3.502807764	1164.792861	134.5001088	249.8618045	67.11108961	71.20534	1975.811575	13.73565586	16646.9593
M0dML164686	1651.683837	392.2832493	339.7268022	7.376949557	97.60895109	5.072355199	774.6287326	138.0662149	0.515786573	2568.245424	4031.874619	8123.588303	945.8519217	3.691625816	1770.808624	213.8514951	294.7787422	94.95541557	67.1396506	2977.136785	9.261351395	24508.14684
M0dML164855	1110.613071	254.4495355	246.8586687	1.53505188	93.33430797	0.4992073	472.3579553	106.8013178	0.155610398	1922.741859	2756.317794	6171.117432	760.8536088	4.170939689	1337.351757	146.7234982	270.8575158	58.90838974	66.14942766	2315.316217	15.96596735	18113.07913
M0dML164899	942.1357308	252.6560396	221.8188834	2.299269649	80.54756547	0.782000151	393.6789114	99.67901962	0.206992194	1684.731855	2363.861715	5870.115725	648.3021433	1.758816435	1201.667148	118.1352176	290.4322586	51.39829518	96.02187255	2013.055729	18.00353032	16351.28872
M0dML170219	1044.709052	253.5713758	254.1584332	1.001506001	106.2941432	0.059855875	429.0350378	111.7341475	0.153786201	1923.973065	2801.993252	6706.207819	775.8319816	3.557509972	1435.097045	133.7918308	326.5867471	51.10282046	104.2832373	2240.820138	23.76756867	18727.73035
M0dML170327	749.9543834	252.3783017	236.0710207	0.504337627	113.0303127	0.085664252	267.1040844	95.27852708	0.10530092	1532.925119	2241.181115	6173.393343	667.5376286	0.63854211	1286.57222	96.18645562	317.3033518	28.48870752	123.8286122	1725.438531	28.36953596	15936.37509
M0dML170652	1227.176222	314.3657147	288.5589039	1.731499944	110.5470837	0.039499701	534.8325701	120.8167026	0.131388479	2047.431716	3188.540489	6999.485348	850.111732	2.470513667	1535.750095	164.7506312	321.3588347	72.97456545	93.00463474	2446.64378	24.28275384	20345.00468
M0dML171223	1051.61785	273.9151374	268.6957612	1.563105142	110.2933777	0.314678998	429.5391592	115.5668729	0.180637157	1895.501209	2839.01667	6646.127899	782.7684881	2.559223841	1437.138993	144.6714503	323.7962793	58.86384334	100.6814428	2197.069388	25.16794595	18705.04941
M0dML171455	1012.634219	241.2867737	250.1768828	0.760720387	79.98135944	0.055130295	434.1606809	101.7122856	0.557158086	1885.816435	2633.529739	5938.673222	695.206708	4.39374294	1270.865706	143.7542849	269.1238534	48.55073831	80.03206382	2201.23637	17.31735176	17309.82542
M0dML173882	1205.776745	294.8618958	275.4275856	0.913173736	79.17248306	0.257351455	529.8513109	106.9231707	0.182398209	2097.070279	2949.111505	6189.183153	801.315473	3.309060982	1427.290175	175.1214187	248.700656	63.14414981	58.45085396	2466.647194	11.68663239	18984.39666
M0dML180458	919.6862983	234.964215	195.810828	10.43839844	90.49389736	6.813682421	451.1975167	125.9471121	2.418389989	1446.092528	2502.574183	5146.825276	551.5356751	3.178169377	1101.203174	136.3133296	208.8361087	90.9828865	81.63205927	1946.565909	11.95826114	15265.4679
M0dML180529	1277.363627	324.1338832	304.4019614	20.67946342	111.0508386	13.38809422	644.6060637	186.0866741	2.47297682	2028.393249	3527.088403	7279.592968	779.6131755	5.603359037	1512.554381	204.0646419	326.1151326	127.342549	121.3821532	2709.155378	25.15475434	21530.24373
M0dML180622	1019.872547	215.7623887	212.9841754	0.733281073	71.42949538	0.033409027	423.7425078	88.24982899	0.040442506	1551.292475	2319.995672	5302.591254	673.2278612	1.832665199	1124.635261	125.0703548	227.1508953	45.09705063	48.5889983	2168.544173	11.52737241	15632.40211
M0dML180872	940.1238078	248.8843046	256.3175951	1.77200041	115.3004581	0.450537504	381.1927453	107.267811	0.420513093	1804.843679	2567.400327	6369.529682	718.7553298	2.513396013	1337.779369	123.97377	308.8330616	51.12596858	118.7188115	1985.335858	24.92927882	17465.4683
d0_170088_FE	1341.479663	286.2598831	400.2084661	0.861912794	153.4785172	0.494582499	583.4968758	159.4798836	0.136609958	2522.666142	3358.443493	7550.210042	1046.381058	7.004446892	1713.741313	160.8306865	360.1030441	66.49913264	90.44077575	2756.005313	16.66434063	22574.88618
d0_170088_RF	1445.210442	327.5745973	301.6181171	2.135912204	102.1943554	2.1652061	587.5270651	127.4366573	0.631515653	2368.155189	3334.565827	6795.168141	928.9519931	3.911358242	1603.102633	203.514821	284.1683237	76.29149768	55.5315497	2520.791815	12.86250684	21083.50952
d0_171176_FE	1313.883512	324.6387928	362.9204316	1.555594847	158.7039494	1.594492404	599.8682467	154.7093769	0.116700662	2646.283664	3321.015448	7325.71445	916.7690856	7.140738696	1637.639675	170.8774226	345.3879391	61.67147631	69.46820317	2718.047285	11.27523823	22149.28172
d0_171176_RF	1116.400955	243.8434815	248.1975613	2.814987028	126.22415	1.888141261	388.6527253	114.0365977	0.060258817	1813.793597	2596.720989	6384.806555	815.9316891	3.666403132	1312.773232	144.9537421	332.7582462	46.15298475	107.3467562	1961.059621	26.32181687	17788.40449
d0_171851_FE	1243.518207	285.6532478	313.3342479	0.732489191	141.4502692	0.632801525	528.7890281	118.180442	0	2297.244315	3270.479263	6444.453655	892.465557	6.289070312	1605.906881	193.0627456	303.6485884	99.73838294	67.38060059	2484.682636	8.698644038	20306.34107
d0_171851_RF	1049.011589	224.8965401	205.8763843	0.901480803	105.7640848	0.544196676	404.8626653	93.00144564	0.039939933	1726.973104	2406.942105	5136.270568	733.3551395	4.824659631	1214.591578	148.9674777	224.8817418	49.47271879	57.75752544	1707.237252	7.741782885	15503.91398
d0_172048_FE	1345.85429	272.0140405	346.1304507	0.474160021	143.6291664	0.341550552	574.8843823	155.006286	0.086147302	2372.466958	3250.827445	7211.858543	1032.15943	9.323272155	1620.915166	168.5969076	322.6143217	78.21515036	75.78332885	2656.651263	15.72362086	21653.55588
d0_172048_RF	1329.448339	323.4597463	265.0313265	1.813289297	86.25506024	1.115212357	603.9252783	98.51761945	0.291263993	2104.487661	3088.149855	6624.134096	842.225381	4.578030175	1453.795048	180.2122082	226.8576662	76.83572402	50.43723243	2302.430667	8.603543935	19672.60425
d0_172176_FE	1341.168439	282.2991471	367.9819811	0.718112761	150.5048937	1.428908709	550.9545813	162.7285583	0.097317704	2400.885308	3274.98726	7439.463828	1016.718923	6.92335045	1615.513432	170.1782546	409.4516359	49.19124886	86.54112398	2693.909034	17.32388943	22038.96923
d0_172176_RF	1167.014147	208.3673197	229.2121547	6.791192282	100.3183298	6.380411619	491.4419895	101.4919798	0.684985676	1668.864245	2570.745964	5368.126525	705.1398514	1.489083486	1173.072331	173.7779283	227.2993037	82.3909802	51.14758941	1978.147122	12.23696726	16324.1404
d0_172549_FE	1180.594183	249.0655365	327.8084712	1.233046334	149.624915	0.289323513	519.303706	134.6378853	0.18303896	2170.934282	3022.421821	6465.59049	878.8522589	2.422049719	1521.356094	152.2964144	311.9759162	68.35374419	73.70196038	2406.699751	11.73454089	19649.07943
d0_172549_RF	887.7445752	210.7491073	199.8605374	1.467989521	117.3899397	0.733536435	337.5754037	100.5817512	0.020724383	1702.590074	2247.55501	5167.94622	668.3778732	1.975877098	1264.097564	132.6618798	259.7365107	37.09737397	79.56162165	1626.817209	14.52684467	15059.06762
d0_180489_FE	1361.903523	301.1897437	358.362009	0.439329144	141.3730179	0.995078557	571.8713242	166.4921502	0.024278894	2479.362187	3298.056082	7571.107242	1069.374647	5.580117413	1618.175982	165.9308542	370.8756132	42.52960857	83.51072899	2733.630945	18.23307741	22359.01754
d0_180489_RF	1346.187621	279.9326469	292.0368225	1.483807273	106.7808863	0.356654271	532.9088092	131.5651798	0	2426.603485	3182.310097	6811.87395	957.3735274	2.220165565	1654.385372	183.7461365	285.7157822	61.78307214	72.50743365	2391.043908	13.17459654	20733.98995
d0_181384_FE	1349.561759	273.459143	374.7492357	0.672307444	145.0404977	0.738966399	578.3326586	180.7779327	0.49347695	2456.215751	3357.712228	7452.45533	1089.053533	7.559160425	1711.252793	158.1498803	339.1977093	75.17499279	83.40194836	2716.390212	14.75939604	22365.14891
d0_181384_RF	1434.418389	347.4309235	321.0240207	2.695447001	98.13602165	1.934947552	617.5068161	117.5269802	0.082003923	2281.637388	3498.301631	7293.125909	989.3587567	5.195085636	1632.380536	201.9332747	285.4156174	87.76754403	70.91616313	2530.483307	12.06390113	21829.33466
d0_181576_FE	1333.8768	292.6835195	340.8357889	0.762511305	132.4958082	0.602979406	588.9234983	142.3557073	0.010217113	2437.420973	3340.716401	6957.558122	930.274515	5.072322805	1627.187561	172.9209089	322.4016448	74.33952734	56.09462233	2680.228445	8.346513577	21445.10839
d0_181576_RF	1218.982807	231.9659723	275.4918071	1.892169718	125.0783268	1.113874024	470.1145755	94.60446825	0.228754357	1857.784995	2827.82041	5810.636748	851.6416806	3.235025049	1353.520609	169.6687475	282.0810761	70.94066617	69.95491199	2059.309695	14.1930974	17790.26042
d0_181661_FE	1261.770581	303.0807208	331.8262326	1.790653933	113.9273905	0.616274152	570.2780162	146.0259049	0.207658756	2383.853278	3478.767378	6848.010971	999.9728312	9.783472204	1698.835486	194.1725454	291.4289431	111.3685965	60.66711927	2654.927721	8.460823054	21469.7726
d0_181661_RF	1438.506457	305.7972471	318.3515806	2.110958342	111.0824627	1.911191064	595.5375923	119.4900367	0.218624864	2202.747184	3339.160476	6877.774873	961.1846269	5.552243007	1563.93056	194.035539	301.7530786	78.18875059	66.85581617	2518.329808	12.67645572	21015.19556
d0_181680_FE	1356.266032	303.5611814	373.2027463	0.993967005	142.7570324	0.831243845	569.6635789	156.0729466	0.418505703	2497.882302	3278.658834	7577.143946	1023.77748	7.219075331	1735.439312	173.0164573	381.6833191	54.04990487	89.60165267	2765.932983	17.15846837	22505.33097
d0_181680_RF	1445.502394	342.7195519	270.8581432	3.761765351	93.43750287	2.249467618	624.0327886	124.8390258	0.185825037	2201.698974	3293.066315	6758.445107	869.4984625	4.150725538	1531.579497	188.902595	237.601912	69.77854843	45.98786901	2422.838154	7.022722122	20538.15735
d0_181721_FE	1380.154711	312.5546864	404.050499	0.18233153	155.7074009	0.596951536	589.6811792	188.6491628	0.217070926	2462.498992	3362.968715	7841.586949	1029.623158	7.407517754	1659.403961	140.9661262	411.9588226	36.56969479	94.37547122	2816.841148	19.73414654	22915.7287
d0_181721_RF	1208.335452	324.4355048	277.0297701	1.065999136	100.8706472	0.364631816	507.9336884	113.4595017	0.087317199	2119.088919	3072.491571	6340.639986	888.1608696	3.158620184	1520.007584	183.4293166	271.9645756	68.48864636	66.91678402	2185.582161	11.34995108	19264.8615
d0_181779_FE	1343.575659	292.3949554	333.6242442	1.35650003	128.5788959	0.540150995	571.1148961	151.9188549	0.030071853	2426.101935	3260.34752	7263.455833	1038.69067	8.931224332	1592.442335	165.3220634	334.7955314	82.25321165	67.75965516	2690.357018	11.25573257	21764.84696
d0_181779_RF	1614.656293	368.5979828	311.6858408	2.972298859	87.16140849	2.36783162	698.4377495	148.0495957	0.077681859	2658.083569	3749.844143	7335.097736	1009.194964	4.385152953	1756.732123	214.9947691	267.2417443	79.17089016	34.67915618	2822.399915	2.678846385	23168.50969
d0_181784_FE	1216.983553	219.8974853	406.2749176	0.088760342	197.4192122	0.703498812	455.5128301	155.9969931	0.198289718	2126.791251	2713.761681	6977.948223	986.5020058	4.623707607	1622.875231	107.0467563	398.8104947	15.86460633	118.5648436	2411.696152	30.75886104	20168.31935
d0_181784_RF	1518.383799	342.0378192	289.2419844	3.454824537	88.56682891	2.979949991	671.7289973	136.7007555	0.23007212	2461.437795	3642.294982	7269.930014	1035.446137	5.890867135	1666.474889	235.8355045	252.6723232	112.3659112	47.20069615	2795.719387	3.92533862	22582.51888
d0_181870_FE	1373.022276	299.9274444	361.5344951	0.716914257	143.8960881	0.282498496	594.2957615	167.9987093	0	2542.197496	3338.431553	7665.978964	1093.7654	7.490854011	1714.666059	165.6459806	352.7087699	48.82307449	81.6906515	2824.802562	19.00383771	22796.87939
d0_181870_RF	1524.066887	362.866958	299.7058091	3.343834556	100.8257048	2.435208763	667.3677837	126.6165697	0.020853205	2270.773347	3525.533426	7397.615212	946.0408698	4.36696139	1574.00236	195.1579511	275.9058322	79.21943604	60.28819767	2611.756141	14.60639116	22042.51573
d0_182204_FE	1345.45546	276.0080554	406.318442	0.682100752	154.8151054	0.702754275	559.8175112	169.2244188	0.062986678	2497.472988	3223.153737	7667.547761	1025.802469	6.746353846	1703.614885	149.8359926	397.0898459	44.1850044	86.64781183	2755.465175	17.20474893	22487.85361
d0_182204_RF	1494.430672	319.0316118	313.4285205	4.157820733	106.2138873	3.243375717	592.5286808	120.6581673	0.162220396	2256.798097	3476.14084	7130.725474	1003.678699	4.278117462	1641.035447	198.7180281	278.5688371	99.51013868	72.67576364	2614.22857	12.50464872	21742.71762
d0_182343_FE	1300.327034	282.7031805	349.8668181	0.669705288	131.465376	0.929659193	568.5012177	133.8424423	0.291915827	2363.109241	3335.269382	6952.858938	959.2831693	7.004024041	1656.850962	178.1816195	333.5275816	82.85324952	70.43562542	2616.312601	10.87151865	21335.15526
d0_182343_RF	1375.425534	317.2198905	296.99987	1.645116508	107.8625513	0.339052009	583.4364769	115.880061	0.036751179	2258.601808	3146.386147	6208.218015	863.4007242	2.963419122	1499.471524	212.6336728	253.5432642	62.61649877	36.74124864	2308.940521	5.242899295	19657.60504
d0_182412_FE	1306.300923	288.8506933	344.8225189	0.691702452	138.1836244	0.71732516	553.0483413	147.8700329	0.020424259	2329.858273	3183.02126	7063.403321	1040.271133	9.111631242	1653.429611	162.5066794	336.5906686	66.67587492	75.54004007	2639.243371	12.6061401	21352.76359
d0_182412_RF	1499.067818	339.2975366	300.2250779	2.367551464	99.42570802	1.620355555	643.670271	125.4883056	0.139905291	2338.736129	3394.201047	6857.31077	962.2636358	6.657092727	1589.07061	207.9409129	254.4119852	78.39097255	38.50695354	2585.112032	5.91833369	21329.823
d0_182518_FE	1347.260529	289.2869966	375.5943422	0.869077648	142.9940452	1.190833126	557.0641689	159.162318	0.086690851	2411.144384	3229.884425	7647.47633	1078.383281	8.030272983	1663.920205	158.2707393	416.4120501	49.99580876	95.69925053	2709.501173	27.32798649	22369.55491
d0_182518_RF	1454.655194	322.3332633	288.7117392	2.093210301	93.44165086	0.486369086	609.6639121	123.3916172	0.0412619	2213.830324	3298.812196	6849.655473	941.0264597	4.035023049	1565.131162	189.4489641	246.1598137	71.32320558	51.28813423	2455.70062	11.28243316	20792.51203
d0_182668_FE	1368.542456	306.0024866	378.4067457	0.780633642	134.8684018	0.514396744	585.9354885	166.2534913	0.034436891	2501.028583	3367.176388	7668.413655	1073.610988	5.984985162	1712.120989	164.542633	346.3911661	62.18560879	76.97213071	2798.791639	15.26710114	22733.8244
d0_182668_RF	1357.141793	327.9498809	260.737054	1.257933882	80.52074122	0.120695348	596.7422614	113.1918697	0	2119.894104	3231.681397	6740.320009	848.526179	3.184106827	1499.921479	187.979037	233.0175721	79.34248259	50.90661796	2297.97167	15.84576231	20046.25265
d0_190938_FE	1379.720376	295.3267464	341.772049	0.621018796	139.1334794	0.3713	574.6705087	135.309514	0.017769752	2391.086859	3286.099776	7067.027827	982.8225378	4.693218108	1656.164249	176.507396	326.686504	66.59484652	72.85636804	2673.220612	11.70270432	21582.40566
d0_190938_RF	1083.350619	268.8513348	262.3074793	2.329257612	110.1101349	1.684648073	426.3843084	110.6015717	0.020675016	1980.97532	2731.718898	6255.244419	822.6360344	3.142018232	1464.954082	159.6781282	311.9979389	54.42098185	92.98386547	1995.548626	17.94628075	18156.88662
d0_191557_FE	1227.73053	278.2257344	378.4526301	1.30357521	143.5077386	0.532862927	553.5378712	134.421937	0.038479123	2385.987138	3392.090792	7294.241979	997.4257687	9.101490324	1705.207742	184.4305864	389.3766779	103.6401233	91.10510162	2649.439456	20.48612268	21940.28434
d0_191557_RF	1165.952193	264.4085561	262.1280012	1.169630087	140.8951056	0.173371517	440.012589	99.75093363	0.324156853	1812.021085	2712.239447	5965.430615	812.3132777	3.090484964	1369.988571	151.4642867	269.5953728	69.25597842	80.2048811	2009.051371	20.26898595	17649.73889
d0_191889_FE	1338.447547	302.5641262	331.4795722	1.449938438	117.5570034	0.622685531	590.3685678	153.6659343	0.105293491	2504.580804	3408.150089	7156.09933	1088.523641	6.159874319	1683.367961	192.421934	264.0203249	79.92111085	51.79997564	2701.752296	5.069710984	21978.12772
d0_191889_RF	1144.783115	254.9557874	258.4941478	1.708413172	116.1749534	0.39093257	420.3957136	102.1311176	0.171138189	1833.341119	2731.481131	6048.085872	804.983389	3.361669165	1389.368815	152.9825213	294.7186584	54.57626731	85.62518462	1912.913471	17.04027675	17627.68369
d0_192131_FE	1325.085004	285.9619657	370.0018608	1.240123784	149.0112468	0.956776095	560.6827976	146.7578059	0.04355448	2474.862722	3303.698845	7448.340048	1056.1979	7.183915566	1648.439168	162.8058913	367.2289534	63.97229461	79.66675503	2716.300705	19.28418015	22187.72251
d0_192131_RF	1034.140096	246.6477183	227.9822767	1.00369983	120.4469339	0.224331157	395.2143428	109.5284788	0	1787.295198	2490.250669	5964.035896	734.6797072	3.224043172	1289.869814	131.9713018	284.9381496	40.50303034	92.85063701	1794.288959	18.87907687	16767.97436
d0_192382_FE	1274.278994	272.2650165	330.4139376	1.285620631	142.739752	0.214913496	527.0369642	127.943641	0.117965335	2296.913202	3164.970891	6719.218185	925.2000028	4.56644969	1606.636714	171.8567588	360.7440507	70.87186457	81.25926099	2474.05443	14.31030361	20566.89892
d0_192382_RF	1224.164127	299.7867778	273.4110661	2.62361767	110.9572276	2.823795288	490.5285713	111.8155281	0.099817904	2060.587632	2867.841701	6102.631647	842.7206282	3.50566273	1464.414677	169.6140027	275.5482362	66.17970881	63.98564694	2178.989709	15.47805775	18627.70784
d0_192548_FE	1315.91012	271.3404095	367.9407673	0.962950441	147.5146677	0.768829649	545.5740322	140.668739	0	2286.898308	3153.904664	7125.465246	1022.974101	7.239151681	1625.684144	164.4186187	334.7774188	62.87411787	78.83208157	2627.14026	18.34176012	21299.23039
d0_192548_RF	1534.187949	323.5359467	303.3741355	7.282459382	119.6076766	9.114685936	630.2170017	141.4891348	0.064337189	2322.321769	3574.403963	7569.605592	943.2188756	5.929674201	1659.161063	193.728391	320.6349784	103.6314579	82.05352841	2634.021865	13.18774681	22490.77223
d0_192728_FE	1292.370824	267.1231051	333.6478641	1.942667929	128.0813004	0.55972006	565.1389764	138.2071142	0.084052351	2245.609863	3290.88527	6806.687228	983.4963531	6.348808325	1627.535581	175.0090733	320.8573743	94.20383657	68.42550337	2593.210543	12.32223661	20951.74729
d0_192728_RF	1441.954371	324.9090353	307.6093176	0.965858972	98.34083452	0.058251584	608.2516958	116.1820841	0.15697269	2251.59711	3367.125783	6926.833594	915.6284447	4.392783938	1582.310292	198.2734198	279.6271177	81.44143566	61.84361666	2484.100942	13.30989615	21064.91286
d0_192731_FE	1205.862896	278.6203031	340.0959936	0.840358355	132.6673237	1.125830635	544.9077778	141.9866398	0.179762484	2395.182228	3300.294621	6862.749287	994.9699383	9.873630613	1698.188969	178.400064	317.7061539	93.25207505	72.07334551	2529.598359	12.72148163	21111.29704
d0_192731_RF	1045.142661	259.2939833	240.9551863	0.650966644	143.1858526	0.440038735	396.9924796	96.09579363	0.161921059	1694.687427	2542.771279	5948.68093	791.5228475	2.734352566	1319.795291	127.6072418	281.8832007	47.03124645	88.74096575	1778.430715	18.59490384	16825.39928
