#ID	d0	d1	d3	d35	d56	d84
AA1	96.91371129	177.1095964	137.6646323	0.644333974	0.635067149	0.92292921
AA12	23.30524073	1.787007492	2.135311297	0.011342581	0.015350021	0.01437881
AA3	186.5696529	258.8416304	275.8237947	148.5492383	146.1974537	135.2426602
AA3_1	54.10708731	26.06553043	16.90210786	19.99774946	35.92199186	33.02282004
AA3_2	98.68941923	77.25173504	72.28901989	2.653427789	5.720468805	8.349443328
AA4	100.7068143	89.68480317	73.32444999	52.04788356	26.28557848	22.87067633
AA7	108.0945738	63.75804061	16.13186934	44.93252308	40.58868677	22.69812913
CE1	597.099297	1199.211776	1153.203611	925.0370004	1163.306578	1467.556522
CE14	115.7639844	86.71721981	125.7559649	25.91390273	45.68700157	50.91527148
GH10	27.90159456	32.26833579	4.61483787	53.83041416	35.69083463	60.84644114
GH13_16	37.29860422	7.654464866	4.089509008	3.964808021	7.538524689	1.702708815
GH13_3	27.4374565	3.179220158	13.58061249	12.34098301	9.899349167	8.179234197
GH13_30	32.12015882	1.077566209	28.11483193	34.06531402	2.470900521	2.446510807
GH15	40.9734555	42.93653304	45.49017176	4.824755857	8.74306814	10.26738899
GH33	46.84740836	38.46462354	76.68831889	85.34289849	84.19568743	106.2240399
GH56	14.45496452	0.306752591	0.579284777	0.019658782	0	0
GH74	87.47728947	5.088340342	1.426632236	14.48304617	25.13386293	24.12302454
GH9	25.44684726	19.2889448	1.017208269	19.40813453	49.19941038	88.98056629
GT1	37.49251768	30.35665822	30.18769302	50.8208397	51.03122645	70.76509555
GT20	65.03816001	59.01902406	58.87432018	4.597919601	13.43029387	10.33032833
GT39	36.7409785	3.599258162	0.379593086	7.694633685	15.78120168	16.26814773
GT6	68.10993155	7.28996893	0.417554506	21.77462109	14.03666292	5.207708511
AA10	2.054028831	115.6780268	16.13962635	0.091416205	0.071793811	0.162892585
AA2	29.16349257	57.59293424	58.53465025	0.360454934	0.241183136	0.20985873
CE11	33.91012411	110.7914803	113.1978885	56.20671007	74.44422527	128.1659265
CE12	20.77821741	103.895509	62.93284614	102.133399	81.83778167	124.6821121
CE9	159.6843839	631.9683246	595.8199025	465.0099986	418.8968584	365.9408434
GH1	125.8822536	1085.800554	948.8934734	560.5142224	575.7896046	320.8325224
GH104	7.09908761	112.1495265	96.15686133	8.590968923	6.40273521	4.397738994
GH105	18.1106868	112.4782592	97.7200855	96.2941271	119.9596717	140.7532143
GH127	18.28861982	94.1641688	113.5782261	85.30268814	82.87493879	122.1078465
GH13_19	3.888717388	156.7246014	161.5185276	7.230021572	15.16869942	28.62061391
GH13_29	11.69273258	128.9397091	95.56126793	57.89696558	78.17649304	25.24862694
GH13_5	9.402405909	65.2840424	58.88655199	37.83503021	65.71872167	38.65469448
GH24	35.07447098	390.020084	316.0339044	116.0839831	146.4987707	196.3093198
GH31	54.65887511	253.8111902	266.6898653	238.8526254	249.3253995	270.0183365
GH53	10.22098382	75.73105506	49.95440102	30.95161559	78.99307941	105.4765031
GH65	28.94749175	81.27625963	61.41232213	16.17611119	31.35140746	33.55707292
GH73	56.76075605	397.5351305	329.7188027	210.4127427	257.9542502	252.3979083
GT35	99.5144207	453.6667848	432.2117363	523.8302224	585.4333037	511.9341301
GT56	4.403264531	99.80901039	101.1533405	0.571623748	3.023221965	15.38328916
GT9	57.80461557	523.3202558	513.4825951	85.94475347	77.5832309	110.4048787
GH101	2.481582711	18.06313624	55.63133738	21.88728421	5.82362704	5.267396423
GH109	180.6857858	402.2805483	553.8123358	457.132106	450.3874309	448.1868232
GH13_11	55.54182105	131.1600263	159.6382683	89.08825969	59.44790262	45.25264473
GH13_18	5.224607538	72.3786397	103.4635995	54.2432113	18.73992299	24.75189919
GH23	131.6441158	568.1059482	687.5983283	349.8396792	305.5662437	317.6739803
GT26	21.3148901	171.2786616	204.0880757	148.691796	103.9615949	129.0591286
CBM13	15.86230776	15.89480663	17.29040469	117.6696293	86.19295908	43.8001767
GH13_31	26.52722098	174.898713	119.4545021	334.6629202	226.7905284	171.9435962
GH13_4	8.962990949	13.31138524	23.0937656	103.3844176	98.09931759	32.33599334
GH154	4.885087021	40.57013143	32.82680772	77.26050991	53.66061742	38.60643832
GH2	188.2497911	723.204799	954.8206182	1289.835273	1214.256067	1181.21553
GH20	40.76598643	80.4215796	191.5976701	354.0538667	249.6360842	336.7042404
GH25	56.0330092	262.2574324	266.0277366	485.6560338	509.080677	480.5515671
GH36	35.50396827	225.4270842	238.8273039	282.7374648	285.0024719	294.5546418
GH42	22.54567322	22.61126036	87.30248753	138.6133958	82.2978074	87.07142528
GH43_10	3.87400061	25.04923689	20.16120079	109.743877	50.25661703	59.01246394
GH43_11	3.488210918	13.99827499	36.21903869	89.16639654	12.33954134	12.45536016
GH43_29	6.735013598	14.43107681	6.598983501	109.316751	36.24279918	36.12719031
GH43_4	9.699820989	9.910508639	10.2358428	73.41341337	17.76046825	21.79636147
GH5_44	0.540644002	3.526215463	21.94612315	116.609901	63.88320018	37.59001105
GH77	59.36851639	208.9616717	259.3397026	417.1569345	407.3840851	402.5071859
GH88	8.572935568	53.06620644	92.48635109	121.8272712	104.8565322	80.04888106
GH95	32.4875738	59.12135393	105.8908868	164.8443434	151.4895717	159.7772624
GT11	4.212684808	16.29251821	18.96394789	72.50085076	59.41558721	54.08700201
AA6	115.1336654	359.9699616	427.2324009	508.5754361	586.0919827	535.7066499
CBM32	34.31332756	29.35403408	120.0726482	111.8092492	133.3164694	89.60215128
GH112	9.652047915	12.69952616	42.77342403	90.02655854	108.855683	81.8683602
GH13_20	15.37160538	55.64885455	96.06247165	150.7564207	182.4100875	153.2651696
GH140	4.924873241	7.019003748	29.65859404	47.39760597	68.10546541	55.36563279
CBM9	14.71623505	7.054257259	28.22197838	65.62760692	64.89267914	102.8960929
CE2	15.09495498	39.24681533	27.03088365	127.7311248	179.2943211	247.9896883
CE4	112.7663611	306.113099	489.6789299	429.100177	495.6189851	733.984025
GH106	16.45195698	29.80213431	8.487820419	51.77438837	86.01887956	123.7553567
GH13_36	10.02445367	15.91466314	0.988842988	13.10768101	49.44036448	108.9721216
GH13_38	4.461497919	11.33641007	9.383583456	38.33778216	62.00687815	92.53235913
GH13_39	11.46338861	27.87111414	34.06301266	89.00260781	115.6779731	143.1436992
GH13_8	11.12186878	15.25856761	9.758358918	51.15672648	87.47256854	179.2325667
GH130	9.595675697	18.88481093	57.59558861	82.62335076	112.7613822	168.1669059
GH133	8.080311283	18.62052353	20.69780628	66.41132831	83.84332485	118.6252613
GH27	12.15642921	12.06383088	24.01948232	37.05518855	61.6752719	89.51915372
GH5_2	2.300768656	5.04315366	0.347603138	16.63466545	31.37364951	73.90444855
GH57	7.496094413	7.589341685	13.49215418	44.41264551	61.63588965	111.5554409
GH76	18.59236876	10.8307936	69.64972301	51.5894118	87.0110467	121.2525178
GH78	43.39818317	81.32295884	81.88694906	169.5196466	203.9279904	297.5101328
GH79	6.774776122	1.353608329	15.2968422	12.25535094	25.52492252	79.25855772
GH94	31.57069366	72.57449094	56.37553708	58.83180607	99.53443124	161.3140959
GT32	5.331665238	9.600278256	33.91271028	62.6299671	79.58336605	99.14503629
GT4	553.9458645	617.8535249	929.803524	1292.803262	1433.553382	1864.106294
